,date,vaccine_num_total,vaccine_num_daily,link
1,2022-12-12,3450244000,1252000,http://www.nhc.gov.cn/xcs/yqjzqk/202212/e2b3e84dad9a4dd69e2b333af7e401c6.shtml
2,2022-12-11,3448992000,817000,http://www.nhc.gov.cn/xcs/yqjzqk/202212/d549a765d6584ecd85b67ebf78155b04.shtml
3,2022-12-10,3448175000,1023000,http://www.nhc.gov.cn/xcs/yqjzqk/202212/bdf09923a0724760becaa8a775c71a6b.shtml
4,2022-12-09,3447152000,1011000,http://www.nhc.gov.cn/xcs/yqjzqk/202212/32d1b1c431c542ac99a3d43b05cf2073.shtml
5,2022-12-08,3446141000,739000,http://www.nhc.gov.cn/xcs/yqjzqk/202212/91e92764032940858a47326314afad30.shtml
6,2022-12-07,3445402000,496000,http://www.nhc.gov.cn/xcs/yqjzqk/202212/fb45db9968d948c7a22d82ff9b0f84db.shtml
7,2022-12-06,3444906000,358000,http://www.nhc.gov.cn/xcs/yqjzqk/202212/f43d662ccc444430a8d110d056d17d05.shtml
8,2022-12-05,3444548000,253000,http://www.nhc.gov.cn/xcs/yqjzqk/202212/a33e0770d251402ca15c361e5a37943c.shtml
9,2022-12-04,3444295000,129000,http://www.nhc.gov.cn/xcs/yqjzqk/202212/4b8c52f3abef4295b308bc4bd17c663c.shtml
10,2022-12-03,3444166000,156000,http://www.nhc.gov.cn/xcs/yqjzqk/202212/b61523d0419244618f06626bc9dfaa4b.shtml
11,2022-12-02,3444010000,123000,http://www.nhc.gov.cn/xcs/yqjzqk/202212/3bbfb68c6a664183ae334d3d739cce71.shtml
12,2022-12-01,3443887000,138000,http://www.nhc.gov.cn/xcs/yqjzqk/202212/29a8d964493646f5b4e1472c5b7dd820.shtml
13,2022-11-30,3443749000,195000,http://www.nhc.gov.cn/xcs/yqjzqk/202212/89c2e70ef019464bb39702922955a20b.shtml
14,2022-11-29,3443554000,103000,http://www.nhc.gov.cn/xcs/yqjzqk/202211/44ba0f46473c4cbaaf6e8dcbc79818cc.shtml
15,2022-11-28,3443451000,124000,http://www.nhc.gov.cn/xcs/yqjzqk/202211/273b32f9a5ed4f9280f24e9ceefbab1d.shtml
16,2022-11-27,3443327000,87000,http://www.nhc.gov.cn/xcs/yqjzqk/202211/5b4970ab4a184e84aa6c62753ceb8e3e.shtml
17,2022-11-26,3443240000,126000,http://www.nhc.gov.cn/xcs/yqjzqk/202211/65fbcd7877a24a4487f32fbabdc7ffee.shtml
18,2022-11-25,3443114000,138000,http://www.nhc.gov.cn/xcs/yqjzqk/202211/35b6cb5a6a214ecdaf9e6b1b5affaa36.shtml
19,2022-11-24,3442976000,136000,http://www.nhc.gov.cn/xcs/yqjzqk/202211/be85b530b30c4c54b0d794876db24756.shtml
20,2022-11-23,3442840000,157000,http://www.nhc.gov.cn/xcs/yqjzqk/202211/6fb772a75ab24163ba0af83797e9582e.shtml
21,2022-11-22,3442683000,144000,http://www.nhc.gov.cn/xcs/yqjzqk/202211/7260b67ef7b64de6970c6735240bd909.shtml
22,2022-11-21,3442539000,163000,http://www.nhc.gov.cn/xcs/yqjzqk/202211/6a4b3638e2d54b8fba7e4ffd218a9c86.shtml
23,2022-11-20,3442376000,123000,http://www.nhc.gov.cn/xcs/yqjzqk/202211/94f38019824f421c970b87b9802878d9.shtml
24,2022-11-19,3442253000,173000,http://www.nhc.gov.cn/xcs/yqjzqk/202211/f1d974c83ad04ea8bc9390ff2f363926.shtml
25,2022-11-18,3442080000,221000,http://www.nhc.gov.cn/xcs/yqjzqk/202211/c6334349c9b14306be9970bfb5bf86d7.shtml
26,2022-11-17,3441859000,179000,http://www.nhc.gov.cn/xcs/yqjzqk/202211/559d9d310c4a4116a9be0d63f5a14463.shtml
27,2022-11-16,3441680000,183000,http://www.nhc.gov.cn/xcs/yqjzqk/202211/a000c0b89d8442c5a3506b73f350c74c.shtml
28,2022-11-15,3441497000,163000,http://www.nhc.gov.cn/xcs/yqjzqk/202211/5994446437f94f02bec1c0c0f6b77fb6.shtml
29,2022-11-14,3441334000,129000,http://www.nhc.gov.cn/xcs/yqjzqk/202211/4c494e4a58784bfda3b1523bbc665e19.shtml
30,2022-11-13,3441205000,79000,http://www.nhc.gov.cn/xcs/yqjzqk/202211/687dbb88d1644a4a9eb44ab1cebbdd2e.shtml
31,2022-11-12,3441126000,119000,http://www.nhc.gov.cn/xcs/yqjzqk/202211/75c162c7461547558ce154cdd6923ccb.shtml
32,2022-11-11,3441007000,128000,http://www.nhc.gov.cn/xcs/yqjzqk/202211/9e7d302c0bd94b67a1c16b131fa74786.shtml
33,2022-11-10,3440879000,119000,http://www.nhc.gov.cn/xcs/yqjzqk/202211/5c92b4788c6d4e02b03c53ee3f921dee.shtml
34,2022-11-09,3440760000,122000,http://www.nhc.gov.cn/xcs/yqjzqk/202211/507b963ee90f450392410796fa4307ff.shtml
35,2022-11-08,3440638000,114000,http://www.nhc.gov.cn/xcs/yqjzqk/202211/ede169064d2a491896e773ad2d18b7a2.shtml
36,2022-11-07,3440524000,103000,http://www.nhc.gov.cn/jkj/s7915/202211/98912a7a8ed64b9a900fcbabd72e1258.shtml
37,2022-11-06,3440421000,75000,http://www.nhc.gov.cn/jkj/s7915/202211/922ac1ecde304e6d8974e930023f6245.shtml
38,2022-11-05,3440346000,115000,http://www.nhc.gov.cn/jkj/s7915/202211/99ad112417c243109f7cb8f1455a7a0f.shtml
39,2022-11-04,3440231000,112000,http://www.nhc.gov.cn/jkj/s7915/202211/cad1c4549419491fb9688f043c3c9511.shtml
40,2022-11-03,3440119000,103000,http://www.nhc.gov.cn/jkj/s7915/202211/1443f91248a94e77bea613a560257c0b.shtml
41,2022-11-02,3440016000,109000,http://www.nhc.gov.cn/jkj/s7915/202211/887241104abe47d0b4ac2c9d5d17e93d.shtml
42,2022-11-01,3439907000,105000,http://www.nhc.gov.cn/jkj/s7915/202211/a2eb89a3a0634be881b53b440bc3f143.shtml
43,2022-10-31,3439802000,104000,http://www.nhc.gov.cn/jkj/s7915/202211/f808a6420e584b9583fd982a7274f8a4.shtml
44,2022-10-30,3439698000,78000,http://www.nhc.gov.cn/jkj/s7915/202210/077911bc37a346a3b6d15249d0c4a167.shtml
45,2022-10-29,3439620000,95000,http://www.nhc.gov.cn/jkj/s7915/202210/d041a6d5b38c456382a24e90be8ce3c1.shtml
46,2022-10-28,3439525000,117000,http://www.nhc.gov.cn/jkj/s7915/202210/0b8c6423c46644e0ae793d3fb68a09cd.shtml
47,2022-10-27,3439408000,109000,http://www.nhc.gov.cn/jkj/s7915/202210/620100bb2c404d88a0da550d5ec5b9dc.shtml
48,2022-10-26,3439299000,98000,http://www.nhc.gov.cn/jkj/s7915/202210/fe4d6c41b2514b82940deee987a32c19.shtml
49,2022-10-25,3439201000,114000,http://www.nhc.gov.cn/jkj/s7915/202210/8cfe270e67164dc8ae00104b78146325.shtml
50,2022-10-24,3439087000,94000,http://www.nhc.gov.cn/jkj/s7915/202210/724cb1418db64b26a2e52dc2c47541a9.shtml
51,2022-10-23,3438993000,73000,http://www.nhc.gov.cn/jkj/s7915/202210/ff93394c69084cdca068d70ad33a1b10.shtml
52,2022-10-22,3438920000,103000,http://www.nhc.gov.cn/jkj/s7915/202210/a098056eeec545bd9975dc9d3d524677.shtml
53,2022-10-21,3438817000,120000,http://www.nhc.gov.cn/jkj/s7915/202210/62608d1b29444d3a8530259bfff81763.shtml
54,2022-10-20,3438697000,109000,http://www.nhc.gov.cn/jkj/s7915/202210/ee27c9d130e84107a4c018cb577d3675.shtml
55,2022-10-19,3438588000,106000,http://www.nhc.gov.cn/jkj/s7915/202210/c68733c91bb74c20a8be484e109c110d.shtml
56,2022-10-18,3438482000,104000,http://www.nhc.gov.cn/jkj/s7915/202210/21db89e8211d4ee3811d4597852e0198.shtml
57,2022-10-17,3438378000,101000,http://www.nhc.gov.cn/jkj/s7915/202210/5902540cd6ff443ea29c4acee7942956.shtml
58,2022-10-16,3438277000,75000,http://www.nhc.gov.cn/jkj/s7915/202210/49ab1f0e6b8c4078a58b17a052dee8cf.shtml
59,2022-10-15,3438202000,116000,http://www.nhc.gov.cn/jkj/s7915/202210/49c4ec373e1e4ebc846e620204657c95.shtml
60,2022-10-14,3438086000,125000,http://www.nhc.gov.cn/jkj/s7915/202210/535d95484f6c46b5b56421e22fa6473d.shtml
61,2022-10-13,3437961000,110000,http://www.nhc.gov.cn/jkj/s7915/202210/244af8e15e594d0ea299332167fed5b4.shtml
62,2022-10-12,3437851000,123000,http://www.nhc.gov.cn/jkj/s7915/202210/c305699ee3fc4737ba638d652c1c2fac.shtml
63,2022-10-11,3437728000,109000,http://www.nhc.gov.cn/jkj/s7915/202210/b2c0cfd6965643b9b0e3409d7815a92e.shtml
64,2022-10-10,3437619000,103000,http://www.nhc.gov.cn/jkj/s7915/202210/b6fdfdd2755b40ad865d32e2469e42a8.shtml
65,2022-10-09,3437516000,74000,http://www.nhc.gov.cn/jkj/s7915/202210/f9b01e253af848e686f72a7eb6b16bbf.shtml
66,2022-10-08,3437442000,95000,http://www.nhc.gov.cn/jkj/s7915/202210/e3f333c107824eafa91bd24ba2bcea72.shtml
67,2022-10-07,3437347000,61000,http://www.nhc.gov.cn/jkj/s7915/202210/f97c250b492d4f508841d06e97fbb6fa.shtml
68,2022-10-06,3437286000,68000,http://www.nhc.gov.cn/jkj/s7915/202210/e2074138aa4147ea9d1197d9346dc877.shtml
69,2022-10-05,3437218000,57000,http://www.nhc.gov.cn/jkj/s7915/202210/4ca11b2ae6774b6cbd176968365fc12a.shtml
70,2022-10-04,3437161000,76000,http://www.nhc.gov.cn/jkj/s7915/202210/fa10b063e34c41efbdc09eb9491d394a.shtml
71,2022-10-03,3437085000,67000,http://www.nhc.gov.cn/jkj/s7915/202210/6da2c827b2684624a5d205cae53b45dc.shtml
72,2022-10-02,3437018000,52000,http://www.nhc.gov.cn/jkj/s7915/202210/c503554bfc88448998a8677a517d1b30.shtml
73,2022-10-01,3436966000,55000,http://www.nhc.gov.cn/jkj/s7915/202210/86810e7310d74e7bbe75f4ec43b329cd.shtml
74,2022-09-30,3436911000,138000,http://www.nhc.gov.cn/jkj/s7915/202210/1cafe0cb9069476bafebedc8adb7f5b3.shtml
75,2022-09-29,3436773000,143000,http://www.nhc.gov.cn/jkj/s7915/202209/76bc30de48144ab99d3dde66430876f6.shtml
76,2022-09-28,3436630000,136000,http://www.nhc.gov.cn/jkj/s7915/202209/1fed67e755864c408f54e7f2b0bd5cee.shtml
77,2022-09-27,3436494000,139000,http://www.nhc.gov.cn/jkj/s7915/202209/6c994127ac7147018b61f416f0cbb451.shtml
78,2022-09-26,3436355000,128000,http://www.nhc.gov.cn/jkj/s7915/202209/f99ff974a84d436c9a9f9b85ab95cab3.shtml
79,2022-09-25,3436227000,95000,http://www.nhc.gov.cn/jkj/s7915/202209/f2441848fae64114b7a1163ad1b0a53f.shtml
80,2022-09-24,3436132000,131000,http://www.nhc.gov.cn/jkj/s7915/202209/ae073fd303d44890b5133f0ce51610c5.shtml
81,2022-09-23,3436001000,146000,http://www.nhc.gov.cn/jkj/s7915/202209/8270cd5bcaa040d9bebc225ca7406490.shtml
82,2022-09-22,3435855000,136000,http://www.nhc.gov.cn/jkj/s7915/202209/4d6f6eac99b94a99a0740c81e5b956c8.shtml
83,2022-09-21,3435719000,142000,http://www.nhc.gov.cn/jkj/s7915/202209/cbf3d637f9b943f3ae990163343906e5.shtml
84,2022-09-20,3435577000,135000,http://www.nhc.gov.cn/jkj/s7915/202209/1cfc481e0466430e9f21b6b794d389a8.shtml
85,2022-09-19,3435442000,140000,http://www.nhc.gov.cn/jkj/s7915/202209/879368f4fb544c28ae11a5387a519a5d.shtml
86,2022-09-18,3435302000,95000,http://www.nhc.gov.cn/jkj/s7915/202209/459a1c35e1054837be3ab754082b91c6.shtml
87,2022-09-17,3435207000,141000,http://www.nhc.gov.cn/jkj/s7915/202209/e206205b15c04e098cd454a4132154dc.shtml
88,2022-09-16,3435066000,160000,http://www.nhc.gov.cn/jkj/s7915/202209/108bb99e4bb844fa9f83b4b41a297f15.shtml
89,2022-09-15,3434906000,132000,http://www.nhc.gov.cn/jkj/s7915/202209/34c3c39a85e04653b5319b2df2b50251.shtml
630,2022-12-13,3451677000,1433000,http://www.gov.cn/xinwen/2022-12/14/content_5731922.htm
631,2022-12-14,3453156000,1479000,http://www.gov.cn/xinwen/2022-12/15/content_5732194.htm
